1073741824S,0C
0 0
56790 1
71225 1
464 1
20015 1
149438 1
7007 1
20360 1
8307 1
2092360 1
13685 1
23415 1
48472 1
26861 1
8139 1
325841 1
34129 1
1083651 1
70162 1
51637 1
70621 1
34802 1
14926 1
12493 1
27827 1
46235 1
14199 1
42078 1
44125 1
33471 1
14045 1
876446 1
1785999 1
1786009 1
15075 1
13753 1
82007 1
101932 1
45705 1
7877 1
80110 1
4126 1
4654349 1
3210 1
18908182 1
1211632 1
1245531 1
11119 1
1223837 1
151385 1
41974 1
1248218 1
12996 1
89593 1
102844 1
329513 1
113160 1
166166 1
201656 1
9777357 1
33825561 1
30559346 1
64125 1
5166 1
137124 1
64523 1
136801 1
14179 1
3671 1
8344 1
1244407 1
10390 1
50670 1
112972 1
50635 1
38355 1
1076852 1
10514695 1
4304665 1
2631 1
