1073741824S,0C
0 0
56851 1
550149 1
1551 1
1471 1
15362 1
38813 1
30831 1
150189 1
30778 1
86805 1
31167 1
31103 1
22074 1
28180 1
249854 1
11018551 1
14201 1
11017821 1
36462 1
85479 1
36261 1
126416 1
129304 1
113836 1
98311 1
50399 1
118433 1
123548 1
82923 1
118998 1
104211 1
217087 1
17924 1
104738 1
106552 1
84386 1
105620 1
80440 1
80259 1
106451 1
83509 1
119398 1
141834 1
99824 1
87012 1
79680 1
127100 1
124941 1
111276 1
112239 1
84447 1
121318 1
114571 1
119814 1
155267 1
71482 1
1050 1
125536 1
20599 1
149438 1
65244 1
93832 1
198001 1
20920 1
8307 1
145085 1
90403 1
118100 1
2092368 1
93089 1
93967 1
154569 1
87870 1
116074 1
12762 1
117599 1
121754 1
84778 1
115725 1
109598 1
94713 1
23415 1
49203 1
87075 1
201847 1
92867 1
91327 1
121309 1
110044 1
117478 1
115239 1
123514 1
126588 1
110747 1
118405 1
83617 1
121751 1
126246 1
99710 1
85766 1
236235 1
109756 1
89208 1
100371 1
108591 1
88310 1
116019 1
111426 1
124679 1
173971 1
110960 1
125357 1
80885 1
82661 1
14211 1
109341 1
3243 1
3816 1
3355 1
109327 1
106448 1
208289 1
178539 1
108398 1
3310 1
6132 1
110575 1
9395 1
111836 1
96043 1
109323 1
3754 1
36970 1
36161 1
94916 1
3679 1
9772 1
125114 1
114632 1
34802 1
10258 1
109640 1
28772 1
5106 1
5051 1
-5106 -1
14356 1
1259 1
11923 1
1259 1
45270 1
48542 1
14171 1
47567 1
38221 1
125492 1
86936 1
31189 1
25705 1
115079 1
13709 1
10127 1
6498 1
5367224 1
1785722 1
876120 1
4108 1
3566 1
6995 1
3739 1
14505 1
1259 1
76640 1
110242 1
91981 1
13161 1
1271 1
3743 1
3994 1
89678 1
36609 1
6295 1
84522 1
115742 1
81226 1
80898 1
113647 1
118552 1
10551 1
106051 1
655649 1
3247 1
99479 1
10314 1
92085 1
186176 1
68487 1
29488 1
102870 1
68482 1
34383 1
110118 1
24066 1
182635 1
22816 1
81575 1
162097 1
79435 1
29458 1
23366 1
45705 1
103442 1
564524 1
29490 1
29462 1
77682 1
79497 1
79542 1
1255 1
10408 1
75879 1
165027 1
82108 1
99164 1
863550 1
3931 1
100328 1
9407 1
6501 1
1068343 1
3558 1
1122 1
14922 1
67502 1
4654349 1
50337 1
48005 1
29957 1
3456983 1
94227 1
2640 1
1251 1
49454 1
75511 1
12009 1
87454 1
105081 1
18908182 1
101032 1
36498 1
98559 1
75365 1
133381 1
10651 1
94387 1
76836 1
75458 1
1211632 1
91538 1
82508 1
11463 1
251593 1
108113 1
77089 1
1245531 1
10527 1
1141 1
1223837 1
10958 1
101160 1
10846 1
11437 1
151385 1
41974 1
1248218 1
95928 1
97395 1
12996 1
89593 1
110563 1
14127 1
93818 1
102844 1
329513 1
94903 1
113160 1
90702 1
80255 1
166166 1
201656 1
92433 1
74866 1
24392 1
24410 1
-24392 -1
24397 1
-24410 -1
24718 1
-24397 -1
24806 1
-24718 -1
9776844 1
-24806 -1
9776789 1
-9776844 -1
1150 1
63506568 1
77012565 1
-63506568 -1
33824993 1
-77012565 -1
1150 1
76869 1
30558778 1
1150 1
69395 1
115634 1
101213 1
63987 1
3456951 1
10326 1
9776996 1
77891 1
5166 1
47547 1
18206 1
96119 1
18100 1
8009 1
85754 1
10656 1
93460 1
115181 1
97908 1
30896 1
209938 1
96356 1
146648 1
136556 1
1169 1
88298 1
77508 1
78808 1
19473 1
10651 1
92078 1
96776 1
75831 1
147702 1
80340 1
135954 1
136233 1
-135954 -1
1173 1
14179 1
2750 1
3048 1
-2750 -1
3103 1
-3048 -1
1168 1
8344 1
149041 1
10710 1
5302 1
26250 1
1243839 1
-5302 -1
1183 1
10390 1
78220 1
75868 1
27976 1
112338 1
-27976 -1
50644 1
112404 1
-112338 -1
1150 1
93700 1
38355 1
1076852 1
10514695 1
106287 1
79150 1
11470 1
4304665 1
69021 1
74458 1
18625 1
19595 1
342614 1
96232 1
5828 1
138288 1
10536673 1
186325 1
8945 1
2061 1
2061 1
-2061 -1
1140 1
48005 1
-48005 -1
